/**:
  ros__parameters:
    camera:
      image_width: 960
      image_height: 720
      camera_name: tello_camera
      camera_matrix:
        rows: 3
        cols: 3
        data: [917.7685019897833, 0.0, 479.85220647097316, 0.0, 917.7685019897833,
          357.1361365929998, 0.0, 0.0, 1.0]
      distortion_model: plumb_bob
      distortion_coefficients:
        rows: 1
        cols: 5
        data: [37.89301155994681, 333.84009866135347, 0.0010150764136364146, -0.0014982764028985526,
          240.63712151225684]
      rectification_matrix:
        rows: 3
        cols: 3
        data: [1.0, 0.0, 0.0, 0.0, 1.0, 0.0, 0.0, 0.0, 1.0]
      projection_matrix:
        rows: 3
        cols: 4
        data: [917.7685019897833, 0.0, 479.85220647097316, 0.0, 0.0, 917.7685019897833,
          357.1361365929998, 0.0, 0.0, 0.0, 1.0, 0.0]
