/**:
  ros__parameters:
    camera:
      image_width: 324
      image_height: 244
      camera_name: camera
      camera_matrix:
        rows: 3
        cols: 3
        data: [290.63233040037306, 0.0, 163.7015768063351, 0.0, 290.63233040037306,
          136.28804540521202, 0.0, 0.0, 1.0]
      distortion_model: plumb_bob
      distortion_coefficients:
        rows: 1
        cols: 5
        data: [0.00512667899431823, -2.515326360933553, -0.025196477966306863, -0.03158724235243975,
          -101.08936004458393]
      rectification_matrix:
        rows: 3
        cols: 3
        data: [1.0, 0.0, 0.0, 0.0, 1.0, 0.0, 0.0, 0.0, 1.0]
      projection_matrix:
        rows: 3
        cols: 4
        data: [290.63233040037306, 0.0, 163.7015768063351, 0.0, 0.0, 290.63233040037306,
          136.28804540521202, 0.0, 0.0, 0.0, 1.0, 0.0]
