/**:
  ros__parameters:
    # Package configuration
    device: "/dev/video0" # Path to the camera device
    framerate: 30.0 # Frame rate of the camera (fps)
    encoding: "bgr8" # Image encoding
    # Camera configuration
    camera_transform:
      parent_frame: "base_link" # Parent frame of the camera
      x: 0.0 # Translation in x (m)
      y: 0.0 # Translation in y (m)
      z: 0.0 # Translation in z (m)
      roll: -1.57079632679 # Rotation around x (rad)
      pitch: 0.0 # Rotation around y (rad)
      yaw: -1.57079632679 # Rotation around z (rad)

    image_width: 1280
    image_height: 720
    camera_name: camera
    camera_matrix:
      rows: 3
      cols: 3
      data: [502.59861580357193, 0.0, 660.3528470868152, 0.0, 502.59861580357193,
        343.7463398733957, 0.0, 0.0, 1.0]
    distortion_model: plumb_bob
    distortion_coefficients:
      rows: 1
      cols: 5
      data: [0.5333680041642682, 0.0223138808911301, -1.6439308429902525e-05, 0.00017023892163540788,
        -5.821600258681999e-05]
    rectification_matrix:
      rows: 3
      cols: 3
      data: [1.0, 0.0, 0.0, 0.0, 1.0, 0.0, 0.0, 0.0, 1.0]
    projection_matrix:
      rows: 3
      cols: 4
      data: [502.59861580357193, 0.0, 660.3528470868152, 0.0, 0.0, 502.59861580357193,
        343.7463398733957, 0.0, 0.0, 0.0, 1.0, 0.0]
